z_level=0.000000;
serial_port=/dev/ttyUSB1;
serial_baudrate=115200;
printer_height=280.000000;
printer_width=180.000000;
printer_lenght=180.000000;